00	-0.9935311	0.004162	0.446677	-0.018695	-0.389233	-0.084607	0.297738	-0.028308	0.258419	0.017171	0.166584	0.147186	0.093903
01	-0.9934936	0.063273	0.330456	0.039429	0.057876	0.095085	-0.114029	-0.120652	0.067188	0.010069	-0.236278	-0.182231	0.130856
02	-0.9932411	0.000944	0.490198	-0.059714	0.499954	-0.074984	0.059504	0.166309	0.143355	0.184711	0.125650	0.071186	0.179777
03	-0.9939135	0.120573	-0.127436	-0.022844	-0.415470	0.154831	-0.082093	-0.090688	-0.329296	0.080573	-0.219144	0.088159	-0.199652
04	-0.9935420	0.048915	0.164272	0.010575	0.107374	-0.142942	-0.001278	0.078000	-0.026046	0.074010	-0.280336	0.017031	-0.057417
05	-0.9948286	-0.023797	0.308904	-0.229431	0.094590	-0.021756	0.111265	0.238742	0.051837	-0.099829	0.132016	0.064054	0.059273
06	-0.9930211	0.085235	0.189910	0.081419	0.237060	0.110229	0.095924	0.018099	0.273710	-0.090082	0.077990	-0.013841	0.202430
07	-0.9937498	-0.020474	0.455170	0.018200	-0.481694	0.191213	0.170803	-0.140937	0.013878	0.183516	-0.022003	-0.013244	-0.061156
08	-0.9927590	-0.051668	-0.496995	-0.101036	-0.099613	-0.193959	0.064434	0.126288	0.114167	0.028650	0.020008	-0.026849	0.019344
09	-0.9937517	-0.003026	-0.467180	0.158923	-0.043081	0.006979	0.168558	-0.219496	0.131425	-0.008135	-0.033689	0.127972	0.035796
10	-0.9938198	-0.219860	0.275141	0.136184	0.014717	-0.087013	0.166733	0.026962	-0.053446	0.056556	-0.007206	0.189541	0.051360
11	-0.9927664	0.009763	0.189720	-0.073917	0.057371	-0.127861	-0.125708	0.141233	-0.070050	0.080923	-0.043227	-0.062726	-0.009356
12	-0.9929507	0.216644	0.111566	0.095737	0.135707	0.193181	-0.071465	-0.046480	0.038294	0.075936	-0.051631	-0.061712	-0.099090
13	-0.9927532	0.274743	0.160691	0.220429	0.213064	0.084613	-0.101594	-0.224818	-0.205629	0.064559	-0.054819	-0.069660	-0.035490
14	-0.9904519	0.051355	0.480770	0.075434	0.108290	-0.051174	-0.254707	0.114433	0.135146	0.041892	-0.007123	-0.153138	0.091138
15	-0.9942568	-0.140369	-0.384466	-0.179484	-0.405565	-0.060402	0.043331	0.170407	0.104035	-0.001323	-0.111601	-0.165343	0.127466
16	-0.9915026	0.106851	-0.255121	-0.005092	0.261062	-0.162804	0.119850	-0.035357	0.082968	0.125389	-0.065044	-0.097880	0.118253
17	-0.9928972	-0.159126	0.294270	0.009624	0.451620	-0.146036	0.271458	0.151978	0.190150	0.040636	0.271290	-0.048784	0.156990
18	-0.9937964	0.149856	0.096312	0.140701	0.286979	-0.049367	0.080380	0.077054	-0.104082	0.045549	-0.163637	0.038780	-0.150099
19	-0.9937859	0.155454	0.071000	0.087475	-0.057045	0.000307	-0.140174	-0.213505	0.083411	0.143720	-0.084570	0.196197	-0.182315
20	-0.9929951	-0.016412	-0.371696	0.047487	0.271596	0.008942	-0.115421	-0.016352	-0.037794	-0.043311	-0.131450	0.104070	0.046483
21	-0.9916059	-0.219509	-0.130581	-0.079508	0.075775	-0.075513	-0.168643	-0.147349	0.042581	0.119389	-0.108226	0.039845	-0.010165
22	-0.9926183	-0.009056	0.453240	0.144144	-0.095690	0.019763	-0.041531	-0.080376	0.077303	-0.003730	-0.087565	0.200533	0.028725
23	-0.9937511	0.033649	0.496520	-0.051089	-0.410930	0.271970	-0.157157	-0.057474	-0.142609	0.093855	-0.119052	-0.093167	0.137576
24	-0.9934672	-0.087670	0.196031	0.011447	-0.324710	-0.131636	0.008575	0.096241	0.103124	-0.017600	-0.153637	0.075213	-0.087702
25	-0.9928966	0.061964	0.372000	-0.003160	-0.500000	-0.080982	0.255845	-0.005180	0.142064	0.116535	0.230329	0.021128	0.006275
26	-0.9929557	0.012687	-0.469950	0.024064	-0.468090	0.152790	0.023189	-0.196881	-0.004645	0.120037	-0.032124	-0.147093	0.170351
27	-0.9940822	0.098157	-0.283790	-0.110540	0.297990	0.039563	0.222217	-0.134759	0.063615	-0.064368	0.094518	0.110429	0.248720
28	-0.9932430	-0.114098	-0.038355	0.082971	-0.020995	0.125356	0.155418	0.119179	-0.182622	0.035472	-0.007939	0.035782	-0.215150
29	-0.9936354	0.159420	-0.190893	0.143965	-0.270556	0.087833	-0.169485	-0.111127	-0.190947	0.000256	-0.039569	0.125328	-0.148405
30	-0.9932549	-0.139557	0.130740	-0.126121	0.184245	-0.019867	-0.391896	0.211110	-0.160234	-0.055366	-0.389998	0.193035	-0.392584
31	-0.9938706	-0.265790	-0.264566	-0.218186	-0.442863	-0.136526	0.195659	0.255059	0.369445	0.126608	0.262441	-0.167504	0.270745
32	-0.9924345	-0.117438	-0.001289	-0.029054	0.195532	0.079117	-0.133696	0.087821	-0.070928	-0.073063	0.106295	-0.030168	-0.155898
33	-0.9941103	-0.035904	0.480329	-0.062891	0.186098	-0.023163	-0.137109	0.120784	0.057402	-0.028660	-0.219929	-0.045756	0.023543
34	-0.9930933	0.102349	-0.058730	0.122700	-0.138090	0.043054	0.115625	-0.121353	0.072034	-0.034555	0.035519	0.040668	0.125275
35	-0.9939658	0.032549	0.180120	-0.007701	-0.152327	-0.028325	0.056227	0.064203	-0.047787	0.005358	0.026791	0.055917	-0.118550
36	-0.9947787	-0.208084	0.101940	-0.161783	0.169229	-0.100827	0.169225	0.196732	0.241022	-0.113219	0.127074	-0.016241	0.131101
37	-0.9926373	0.157715	0.122814	0.170179	0.146697	0.171704	0.153292	-0.123102	-0.068398	-0.165069	0.032438	-0.082207	-0.017130
38	-0.9936187	0.111636	0.078347	0.030362	0.062464	-0.030604	0.172964	0.024680	0.260732	-0.196369	0.166672	0.121551	0.172204
39	-0.9926118	0.118012	0.085160	0.062116	-0.465915	-0.021301	-0.159142	0.155391	0.191188	0.110830	0.096695	0.189636	0.114921
40	-0.9943932	0.162917	-0.000824	0.077219	-0.493082	0.250014	0.194278	-0.188352	0.227959	0.021693	0.155064	0.130426	0.152357
41	-0.9823066	0.130105	0.460574	0.137872	-0.427906	0.146554	-0.112171	-0.107320	0.020521	-0.064465	-0.039200	-0.037384	0.188122
42	-0.9938993	0.005273	-0.114073	-0.150005	-0.091281	0.108174	-0.053317	0.049992	-0.112372	-0.020844	-0.032878	0.195941	-0.049488
43	-0.9942199	0.124071	0.306480	-0.131238	-0.122767	-0.074437	-0.108303	0.097388	-0.190443	-0.059532	-0.080545	0.034598	-0.054948
44	-0.9927681	-0.157558	-0.266514	-0.162863	-0.316365	-0.153826	-0.075358	0.264606	-0.068877	0.053892	-0.064225	-0.085929	-0.094617
45	-0.9937606	-0.164821	0.273280	-0.380369	0.132096	-0.292960	-0.146623	0.450927	-0.095848	-0.187815	-0.075288	0.087778	0.013414
46	-0.9945487	0.017857	-0.116157	-0.082065	0.466965	0.124251	0.103643	0.025073	0.031470	-0.004323	0.014459	0.115602	0.313261
47	-0.9925101	-0.096617	-0.285160	-0.220340	0.087337	-0.245364	-0.071065	0.095470	0.148707	0.063865	0.131490	0.079268	0.137323
48	-0.9898511	-0.024221	-0.160593	0.113695	0.018561	-0.088533	0.092090	0.031581	0.371059	-0.107769	0.010197	0.046726	-0.057721
49	-0.9943324	-0.052873	-0.401392	0.047638	0.436180	0.156273	0.083869	-0.075068	0.119408	0.017631	-0.087811	-0.030460	0.100459
